16584,173944150
16584,173977482
16584,174010815
16584,174044148
16584,174077481
16584,174110814
16584,174144147
16584,174177480
16584,174210813
16584,174244146
16584,174277479
16584,174310811
16584,174344144
16584,174377477
16584,174410810
16584,174444143
16584,174477476
16584,174510809
16584,174544142
16584,174577475
16584,174610807
16584,174644140
16584,174677473
16584,174710806
16584,174744139
16584,174777472
16584,174810805
16584,174844138
16584,174877471
16584,174910803
16584,174944136
16584,174977469
16584,175010802
16584,175044135
16584,175077468
16584,175110801
16584,175144134
16584,175177467
16584,175210800
16584,175244132
16584,175277465
16584,175310798
16584,175344131
16584,175377464
16584,175410797
16584,175444130
16584,175477463
16584,175510796
16584,175544128
16584,175577461
16584,175610794
16584,175644127
16584,175677460
16584,175710793
16584,175744126
16584,175777459
16584,175810792
16584,175844124
16584,175877457
16584,175910790
16584,175944123
16584,175977456
16584,176010789
16584,176044122
16584,176077455
16584,176110788
16584,176144121
16584,176177453
16584,176210786
16584,176244119
16584,176277452
16584,176310785
16584,176344118
16584,176377451
16584,176410784
16584,176444117
16584,176477449
16584,176510782
16584,176544115
16584,176577448
16584,176610781
16584,176644114
16584,176677447
16584,176710780
16584,176744113
16584,176777445
16584,176810778
16584,176844111
16584,176877444
16584,176910777
16584,176944110
16584,176977443
16584,177010776
16584,177044109
16584,177077442
16584,177110774
16584,177144107
16584,177177440
16584,177210773
16584,177244106
16584,177277439
16584,177310772
16584,177344105
16584,177377438
16584,177410770
16584,177444103
16584,177477436
16584,177510769
16584,177544102
16584,177577435
16584,177610768
16584,177644101
16584,177677434
16584,177710767
16584,177744099
16584,177777432
16584,177810765
16584,177844098
16584,177877431
16584,177910764
16584,177944097
16584,177977430
16584,178010763
16584,178044095
16584,178077428
16584,178110761
16584,178144094
16584,178177427
16584,178210760
16584,178244093
16584,178277426
16584,178310759
16584,178344091
16584,178377424
16584,178410757
16584,178444090
16584,178477423
16584,178510756
16584,178544089
16584,178577422
16584,178610755
16584,178644088
16584,178677420
16584,178710753
16584,178744086
16584,178777419
16584,178810752
16584,178844085
16584,178877418
16584,178910751
16584,178944084
16584,178977416
16584,179010749
16584,179044082
16584,179077415
16584,179110748
16584,179144081
16584,179177414
16584,179210747
16584,179244080
16584,179277413
16584,179310745
16584,179344078
16584,179377411
16584,179410744
16584,179444077
16584,179477410
16584,179510743
16584,179544076
16584,179577409
16584,179610741
16584,179644074
16584,179677407
16584,179710740
16584,179744073
16584,179777406
16584,179810739
16584,179844072
16584,179877405
16584,179910738
16584,179944070
16584,179977403
16584,180010736
16584,180044069
16584,180077402
16584,180110735
16584,180144068
16584,180177401
16584,180210734
16584,180244066
16584,180277399
16584,180310732
16584,180344065
16584,180377398
16584,180410731
16584,180444064
16584,180477397
16584,180510730
16584,180544063
16584,180577395
16584,180610728
16584,180644061
16584,180677394
16584,180710727
16584,180744060
16584,180777393
16584,180810726
16584,180844059
16584,180877391
16584,180910724
16584,180944057
16584,180977390
16584,181010723
16584,181044056
16584,181077389
16584,181110722
16584,181144055
16584,181177388
16584,181210720
16584,181244053
16584,181277386
16584,181310719
16584,181344052
16584,181377385
16584,181410718
16584,181444051
16584,181477384
16584,181510716
16584,181544049
16584,181577382
16584,181610715
16584,181644048
16584,181677381
16584,181710714
16584,181744047
16584,181777380
16584,181810713
16584,181844045
16584,181877378
16584,181910711
16584,181944044
16584,181977377
16584,182010710
16584,182044043
16584,182077376
16584,182110709
16584,182144041
16584,182177374
16584,182210707
16584,182244040
16584,182277373
16584,182310706
16584,182344039
16584,182377372
16584,182410705
16584,182444038
16584,182477370
16584,182510703
16584,182544036
16584,182577369
16584,182610702
16584,182644035
16584,182677368
16584,182710701
16584,182744034
16584,182777366
16584,182810699
16584,182844032
16584,182877365
16584,182910698
16584,182944031
16584,182977364
16584,183010697
16584,183044030
16584,183077363
16584,183110695
16584,183144028
16584,183177361
16584,183210694
16584,183244027
16584,183277360
16584,183310693
16584,183344026
16584,183377359
16584,183410691
16584,183444024
16584,183477357
16584,183510690
16584,183544023
16584,183577356
16584,183610689
16584,183644022
16584,183677355
16584,183710688
16584,183744020
16584,183777353
16584,183810686
16584,183844019
16584,183877352
16584,183910685
